TrueImage = [100 12 50 14
             15 16 17 18
             19 20 21 22
             23 24 25 26];
 
IR        = [0.3 0.3 0.3 0.3
             0.3 0.3 0.3 0.3
             0.3 0.3 0.3 0.3
             0.3 0.3 0.3 0.3];
         
Observed  = TrueImage.*IR
 

